calibration

[options="header",cols="4"]
|===
|Time
|enviropHAT (raw)
|Thermometer
|Temp Diff

|11:05
|31.941820
|26.7
|5,24

|11:10
|31.997561
|26.6
|5,39

|11:15
|32.024614
|26.5
|5,52

|11:20
|31.985745
|26.4
|5,58

|11:40
|32.194078
|25.3
|6,89

|12:23
|32.398358
|25.9
|6,49

|12:35
|32.374417
|26.0
|6,37

|12:51
|32.402089
|26.1
|6,30

|13:02
|32.241029
|26.1
|6,14

|13:10
|32.403333
|26.4
|6,00

|13:15
|32.415459
|26.4
|6,01

|15:02
|32.251601
|25.9
|6,35

|15:16
|32.307879
|25.9
|6,40

|15:55
|32.772691
|26.1
|6,67

|16:09
|32.910105
|26.6
|6,31

|16:18
|32.964198
|26.8
|6,16

|16:54
|33.472146
|27.1
|6,37

|17:19
|33.241494
|27.4
|5,84

|17:27
|33.235899
|27,4
|5,83

|17:38
|32.974146
|27.2
|5,77

|17:53
|33.293408
|27.2
|6,09

|18:16
|32.873109
|27.1
|5,77

|20:22
|29.709279
|26.4
|3,30

|20:29
|29.709279
|26.1
|3,60

|20:58
|29.844925
|25.4
|4,44


|===
